  1
  3
  4
  6
  7
  8
 11
 14
 15
 17
 19
 20
 23
 24
 25
 26
 33
 34
 35
 36
 37
 38
 39
 40
 41
 42
 44
 45
 46
 48
 49
 50
 51
 52
 53
 56
 57
 58
 60
 64
 65
 67
 68
 70
 74
 75
 77
 83
 84
 87
 88
 89
 90
 91
 92
 93
 94
 95
 96
 97
 98
 99
101
102
104
105
106
107
108
109
114
123
124
125
126
127
130
132
133
135
136
138
141
142
143
144
145
146
148
149
150
152
154
155
156
157
158
160
161
162
163
164
165
166
169
170
171
172
173
174
175
176
177
178
180
181
184
185
188
189
190
193
194
195
197
199
203
204
205
207
210
212
215
216
217
219
220
221
222
223
224
225
226
227
228
229
230
231
232
233
234
235
236
238
242
243
244
245
248
249
250
251
252
253
257
259
260
261
263
264
265
268
269
274
276
277
279
280
282
286
287
288
289
290
292
294
295
296
297
298
299
300
301
302
303
304
305
308
309
310
